NTest	timeS	timeE	runTime	runCount	year	startingP
0	3.12351632974e-06	0.0908947714122	0.0908916478958	10	100	2
1	0.0909505484895	0.138590865767	0.0476403172779	10	100	2
2	0.138613622815	0.17122938033	0.0326157575152	10	100	2
3	0.171257938194	0.215318259541	0.0440603213474	10	100	2
4	0.215342355238	0.255074375386	0.0397320201476	10	100	2
5	0.2551015946	0.282376585408	0.0272749908079	10	100	2
6	0.282398003805	0.312895124816	0.0304971210104	10	100	2
7	0.312921451596	0.342842060735	0.0299206091392	10	100	2
8	0.342863479133	0.375043729229	0.0321802500955	10	100	2
9	0.375065593843	0.400489678117	0.0254240842743	10	100	2
10	0.400510204082	0.43118447309	0.0306742690079	10	100	2
11	0.431206337704	0.466925531801	0.0357191940971	10	100	2
12	0.466948735065	0.495061274466	0.0281125394009	10	100	2
13	0.49508313908	0.525916261204	0.0308331221241	10	100	2
14	0.525932325003	0.556814530955	0.0308822059522	10	100	2
15	0.55683104097	0.589008613766	0.0321775727958	10	100	2
16	0.589023338914	0.621288370167	0.032265031253	10	100	2
17	0.621303541532	0.651345521592	0.0300419800595	10	100	2
18	0.651361139173	0.680288023903	0.0289268847298	10	100	2
19	0.680302749051	0.717299461327	0.036996712276	10	100	2
20	0.717315971342	0.745856878697	0.0285409073547	10	100	2
21	0.745877850878	0.776863132869	0.0309852819911	10	100	2
22	0.776883212617	0.804428610696	0.0275453980788	10	100	2
23	0.80444913666	0.83513634595	0.0306872092899	10	100	2
24	0.83516401138	0.866958284101	0.0317942727205	10	100	2
25	0.866981041148	0.901331688876	0.034350647728	10	100	2
26	0.901353553491	0.933290169312	0.0319366158218	10	100	2
27	0.93331292636	0.963408006197	0.0300950798371	10	100	2
28	0.963428085945	0.995929612006	0.0325015260608	10	100	2
29	0.995952369053	1.02540668183	0.0294543127729	10	100	2
30	1.02543033131	1.05277091596	0.0273405846509	10	100	2
31	1.05278608732	1.08371113007	0.0309250427476	10	100	2
32	1.08372674765	1.11579008899	0.0320633413414	10	100	2
33	1.11580570658	1.14674279717	0.0309370905963	10	100	2
34	1.14675841475	1.17999441337	0.0332359986149	10	100	2
35	1.18001092338	1.20620651619	0.0261955928077	10	100	2
36	1.20622168756	1.25178531269	0.0455636251352	10	100	2
37	1.2518125319	1.28660493408	0.0347924021804	10	100	2
38	1.28663081465	1.32006270236	0.0334318877105	10	100	2
39	1.32008367454	1.35107966573	0.0309959911899	10	100	2
40	1.35110197656	1.38144381419	0.0303418376271	10	100	2
41	1.38146612502	1.40885757836	0.0273914533454	10	100	2
42	1.40887810433	1.43955638929	0.0306782849575	10	100	2
43	1.43957423795	1.51039416991	0.0708199319609	10	100	2
44	1.51041737318	1.58265582777	0.0722384545912	10	100	2
45	1.58267501508	1.62602183606	0.0433468209743	10	100	2
46	1.62604146959	1.67029589516	0.0442544255764	10	100	2
47	1.67031062031	1.70098667419	0.0306760538744	10	100	2
48	1.70100229177	1.73188539015	0.0308830983854	10	100	2
49	1.73190100774	1.76971608129	0.0378150735543	10	100	2
50	1.76974017699	1.80278787219	0.0330476952019	10	100	2
51	1.80281018302	1.83636076435	0.033550581331	10	100	2
52	1.83638441383	1.8700246847	0.0336402708713	10	100	2
53	1.87004788797	2.01585273781	0.145804849839	10	100	2
54	2.01592324003	2.12091488686	0.104991646825	10	100	2
55	2.12093228931	2.15375241403	0.0328201247265	10	100	2
56	2.1537675854	2.18491618267	0.0311485972734	10	100	2
57	2.18493180025	2.21513174099	0.0301999407424	10	100	2
58	2.21514735858	2.2486037882	0.0334564296245	10	100	2
59	2.248619852	2.27814868295	0.0295288309482	10	100	2
60	2.27816519296	2.31669287446	0.0385276814941	10	100	2
61	2.3167156315	2.34888115645	0.0321655249471	10	100	2
62	2.34890302106	2.37766391321	0.0287608921477	10	100	2
63	2.37768622404	2.41385788179	0.0361716577483	10	100	2
64	2.41388063884	2.44149877023	0.0276181313876	10	100	2
65	2.44152331214	2.4736085181	0.0320852059557	10	100	2
66	2.47363573731	2.50452374408	0.0308880067682	10	100	2
67	2.50454605491	2.5392206559	0.0346746009931	10	100	2
68	2.53924341295	2.57140001356	0.0321566006147	10	100	2
69	2.57142098575	2.600898948	0.0294779622536	10	100	2
70	2.60092170505	2.62948893918	0.0285672341352	10	100	2
71	2.62950411055	2.66182358023	0.0323194696805	10	100	2
72	2.6619114849	2.68953452467	0.0276230397704	10	100	2
73	2.68954924982	2.71806338418	0.0285141343576	10	100	2
74	2.71807855554	2.74668461052	0.028606054981	10	100	2
75	2.74670067432	2.77690641588	0.0302057415585	10	100	2
76	2.7769229259	2.8065659883	0.0296430624025	10	100	2
77	2.80658115966	2.84168278996	0.035101630297	10	100	2
78	2.84170554701	2.87568538873	0.033979841718	10	100	2
79	2.87570680712	2.90566579089	0.0299589837684	10	100	2
80	2.90568765551	2.93707007029	0.0313824147816	10	100	2
81	2.93709371977	2.96898972988	0.0318960101095	10	100	2
82	2.96901650288	3.00090894325	0.0318924403765	10	100	2
83	3.00093036165	3.02755833836	0.0266279767111	10	100	2
84	3.02758555757	3.06111695159	0.0335313940164	10	100	2
85	3.06114506324	3.09610658152	0.0349615182788	10	100	2
86	3.09613246208	3.12849209126	0.0323596291761	10	100	2
87	3.12851841804	3.16534065962	0.0368222415781	10	100	2
88	3.16536029315	3.22450630593	0.0591460127868	10	100	2
89	3.2245241546	3.293610535	0.0690863803979	10	100	2
90	3.29364355503	3.35162985082	0.0579862957952	10	100	2
91	3.35166465572	3.39881859688	0.0471539411637	10	100	2
92	3.39884090771	3.42867539704	0.0298344893319	10	100	2
93	3.42869681544	3.46401084485	0.0353140294075	10	100	2
94	3.46403270946	3.49777962611	0.0337469166432	10	100	2
95	3.49780416802	3.53173581834	0.0339316503232	10	100	2
96	3.53175946782	3.56728500391	0.0355255360846	10	100	2
97	3.56730776096	3.59948444132	0.0321766803625	10	100	2
98	3.59950585972	3.63380742362	0.0343015639	10	100	2
99	3.6338283958	3.66255448305	0.0287260872514	10	100	2
